%YAML:1.0
---
distortion: !!opencv-matrix
   rows: 1
   cols: 5
   dt: d
   data: [ 0.14747605297667082, -0.45301656378820865,
       0.0015510734182977803, -5.823023376257036e-05,
       0.43251110613230442 ]
intrinsic: !!opencv-matrix
   rows: 3
   cols: 3
   dt: d
   data: [ 1347.8688897619506, 0., 938.14581339473125, 0.,
       1347.6390968482324, 531.94144347534507, 0., 0., 1. ]
Rot: !!opencv-matrix
   rows: 3
   cols: 3
   dt: d
   data: [ 0.99444558606374955, 0.090897454153151563,
       0.053062502643592455, -0.037216422250443609, 0.77525255096737478,
       -0.63055405805803411, -0.098452599118571946, 0.62507690330634802,
       0.77432935542942194 ]
Trans: !!opencv-matrix
   rows: 3
   cols: 1
   dt: d
   data: [ 122.32124387917786, 386.73502730772481, 1477.1040222560837 ]
