%YAML:1.0
---
distortion: !!opencv-matrix
   rows: 1
   cols: 5
   dt: d
   data: [ 0.20830879912789441, -0.77563876933224307,
       -4.5287026673960453e-05, -0.00065911105275477352,
       0.83064825673201725 ]
intrinsic: !!opencv-matrix
   rows: 3
   cols: 3
   dt: d
   data: [ 1361.1738881081274, 0., 925.61569805362512, 0.,
       1359.5110850214487, 534.37848831174472, 0., 0., 1. ]
Rot: !!opencv-matrix
   rows: 3
   cols: 3
   dt: d
   data: [ -0.03949990921619749, 0.97817611928275849,
       0.20398832524640861, -0.99782598877835338, -0.049392265756245363,
       0.043631413018211523, 0.052754651836719429, -0.20182141548504423,
       0.97800054343604514 ]
Trans: !!opencv-matrix
   rows: 3
   cols: 1
   dt: d
   data: [ 13.596149308216408, 217.12399043884213, 631.00350640435306 ]
