%YAML:1.0
---
distortion: !!opencv-matrix
   rows: 1
   cols: 5
   dt: d
   data: [ 0.20830879868318572, -0.77563876277324806,
       -4.5287015582829578e-05, -0.00065911097353830636,
       0.83064824504037649 ]
intrinsic: !!opencv-matrix
   rows: 3
   cols: 3
   dt: d
   data: [ 1361.1738866481944, 0., 925.61569896944957, 0.,
       1359.5110834304051, 534.37848818403882, 0., 0., 1. ]
Rot: !!opencv-matrix
   rows: 3
   cols: 3
   dt: d
   data: [ -0.039499909246931184, 0.97817611933588633,
       0.20398832498569619, -0.99782598877908135, -0.049392265767245244,
       0.04363141298910958, 0.052754651799937283, -0.20182141522485569,
       0.97800054349172205 ]
Trans: !!opencv-matrix
   rows: 3
   cols: 1
   dt: d
   data: [ 13.596148882392356, 217.1239904991634, 631.0035056686794 ]
