%YAML:1.0
---
distortion: !!opencv-matrix
   rows: 1
   cols: 5
   dt: d
   data: [ 0.14747605297667082, -0.45301656378820865,
       0.0015510734182977803, -5.823023376257036e-05,
       0.43251110613230442 ]
intrinsic: !!opencv-matrix
   rows: 3
   cols: 3
   dt: d
   data: [ 1347.8688897619506, 0., 938.14581339473125, 0.,
       1347.6390968482324, 531.94144347534507, 0., 0., 1. ]
Rot: !!opencv-matrix
   rows: 3
   cols: 3
   dt: d
   data: [ -0.3037358602727267, 0.085702459570708961,
       -0.9488938905946851, -0.38180282154531975, -0.92342858171334508,
       0.038810564733235964, -0.87290957873334163, 0.37407852504308636,
       0.31319981554459808 ]
Trans: !!opencv-matrix
   rows: 3
   cols: 1
   dt: d
   data: [ -897.89962952203905, 754.93112098422432, 3057.0800667240519 ]
