%YAML:1.0
---
distortion: !!opencv-matrix
   rows: 1
   cols: 5
   dt: d
   data: [ 0.12900935130232585, -0.29279670459484142,
       0.0045153607344478337, 0.0025374269891078171, 0.12402311516861625 ]
intrinsic: !!opencv-matrix
   rows: 3
   cols: 3
   dt: d
   data: [ 1334.250970771619, 0., 972.87402260512715, 0.,
       1328.6575896401678, 545.56927465407284, 0., 0., 1. ]
Rot: !!opencv-matrix
   rows: 3
   cols: 3
   dt: d
   data: [ -0.18098142700091263, 0.9832645874100806,
       -0.020891965584819219, -0.98107553673335424, -0.17901049558665891,
       0.073797247192423365, 0.068822338699539978, 0.033852527455165149,
       0.99705440778365895 ]
Trans: !!opencv-matrix
   rows: 3
   cols: 1
   dt: d
   data: [ 178.77960135217683, 196.37287699237643, 760.81860678781334 ]
