%YAML:1.0
---
distortion: !!opencv-matrix
   rows: 1
   cols: 5
   dt: d
   data: [ 0.15639422814732323, -0.47631681117061159,
       -0.0014982079732036545, 0.00053853810692477196,
       0.37973896020170261 ]
intrinsic: !!opencv-matrix
   rows: 3
   cols: 3
   dt: d
   data: [ 1373.5892283885794, 0., 945.41391769573295, 0.,
       1372.7557186627803, 541.79705909844347, 0., 0., 1. ]
