%YAML:1.0
---
distortion: !!opencv-matrix
   rows: 1
   cols: 5
   dt: d
   data: [ 0.12900935334848115, -0.29279670880110942,
       0.0045153607943067891, 0.0025374273895577715, 0.12402311715922611 ]
intrinsic: !!opencv-matrix
   rows: 3
   cols: 3
   dt: d
   data: [ 1334.2509756964098, 0., 972.87402263617355, 0.,
       1328.6575939878946, 545.56927714655092, 0., 0., 1. ]
Rot: !!opencv-matrix
   rows: 3
   cols: 3
   dt: d
   data: [ -0.18098142697215749, 0.98326458737920808,
       -0.02089196728691825, -0.98107553673856041, -0.17901049543020531,
       0.073797247502725066, 0.068822338700945368, 0.03385252917919844,
       0.99705440772502718 ]
Trans: !!opencv-matrix
   rows: 3
   cols: 1
   dt: d
   data: [ 178.7796012154256, 196.37287552809715, 760.81860909618717 ]
