%YAML:1.0
---
distortion: !!opencv-matrix
   rows: 1
   cols: 5
   dt: d
   data: [ 0.17236096267280257, -0.57948292579125216,
       -0.00084766701216262179, 0.00013891655753117782,
       0.55071378011065686 ]
intrinsic: !!opencv-matrix
   rows: 3
   cols: 3
   dt: d
   data: [ 1373.1955905466064, 0., 952.7216304869977, 0.,
       1372.1388771782567, 543.25974248398734, 0., 0., 1. ]
Rot: !!opencv-matrix
   rows: 3
   cols: 3
   dt: d
   data: [ 0.33164375152429004, -0.94323400855194306,
       0.017945115935198652, 0.67709715861936859, 0.22473769221676132,
       -0.70073704589286678, 0.65692606879653692, 0.24454564974277718,
       0.71319391845935576 ]
Trans: !!opencv-matrix
   rows: 3
   cols: 1
   dt: d
   data: [ 136.86795971580159, 383.45529596189965, 1667.9836236965682 ]
