%YAML:1.0
---
distortion: !!opencv-matrix
   rows: 1
   cols: 5
   dt: d
   data: [ 0.17236096267280257, -0.57948292579125216,
       -0.00084766701216262179, 0.00013891655753117782,
       0.55071378011065686 ]
intrinsic: !!opencv-matrix
   rows: 3
   cols: 3
   dt: d
   data: [ 1373.1955905466064, 0., 952.7216304869977, 0.,
       1372.1388771782567, 543.25974248398734, 0., 0., 1. ]
Rot: !!opencv-matrix
   rows: 3
   cols: 3
   dt: d
   data: [ 0.54061435971240834, 0.083139654421013398,
       -0.83715226329234582, -0.020925426151603189, 0.99612573769292267,
       0.085414525966631488, 0.84101025000478824, -0.028658551402417902,
       0.54025961057476657 ]
Trans: !!opencv-matrix
   rows: 3
   cols: 1
   dt: d
   data: [ -453.0151086270962, -43.320860605683883, 2635.9595751904362 ]
